806002009000500800500080020680004970100705003059800042060040007004007000900600204
290080000500000000070004300004003000809050007000600100006920000000000002000070058
290080000500000000070004300004003000800050007000600100006900000000000002000070058
290080000500000000070004300004003000800050007000600100006900000000000002000070058
009080000000003000002600015006500030900000006040007900570004200000200000000010800
000000500400018090018002003009206350040000070051809200100900630020630007005000000
000050007379020008080009020200500370000204000065003004040800090900040865600030000
520003090000020700800906004040030010109205807070060040400308009001050000080600052
200084000004003009380000050000005300036000920001300000040000082700900600000410003
400000002003507400010020030050304010000000000090605020030050070006708300100000006
600010403003605200010070000300040908040908020908020007000030050004106700702050006
600800003043069007092000000000000506000050000301000000000000710900310840700008002
