000001100
000001100
000000000
000000000
000000000
000000000
000000000
000000000
000011100
000000000
101000001
101100001
000000000
000000000
000000000
000000000
000100001
000100001
000001101
000000000
000101001
000000000
000000000
000000000
000101001
010101001
010101101
000000000
110001001
100001001
000000000
000000000
000001010
000000000
010001011
010001011
001001101
000000000
001001001
000000101
000000000
000001010
000101001
000000000
000101011
010001101
010001101
000000000
000000101
000000000
000000000
000011001
010011001
000000000
011001011
011001001
001001001
000000000
000000000
000000000
001001001
000000000
000001011
001001000
001001000
000000000
000000000
000000000
000000000
001111000
000111000
000000000
100000011
000000000
000000000
000000000
000000000
000000000
000000000
000000011
000000011
