000000000
000000000
101000000
101010100
000000000
100011100
000111100
100101100
100111000
000000000
000000000
101000010
111000100
101001001
110001101
010001111
110001111
100001001
000000000
000000000
100000010
110010000
100000001
000000000
000000000
110000011
100010001
100000100
110011000
000000000
110000110
100000001
000000000
010011011
010001011
000011001
000000000
111001000
000000000
110100000
000000000
110000000
010101000
011101000
000000000
001000100
011010000
011010100
000000000
000100001
010000111
000000000
011100011
001110001
101100100
101010010
000000000
000000000
000000000
100010010
000100100
101100100
101100000
101100101
101010010
101010110
101110010
101101000
100011010
000101101
101101101
000000000
101100001
111000000
111000000
101100000
000000000
100001000
000101001
000000000
000000000
