000000000
000000000
000000000
100100000
100000100
000000000
000100100
000000000
000000000
000000000
000000000
100000100
000000000
100001100
000000000
000000000
000000000
100001000
000000000
000000000
100000100
101100000
000000000
101001000
000100100
000000000
100001000
000000000
000000000
000000000
110000000
110000000
000000000
000000000
000000000
000000000
000000000
000000000
000000000
000000000
000000000
000000000
000000000
000000000
000000000
000000000
000000000
000000000
000000000
001001000
001001000
000000000
000000000
000000000
011000000
000000000
000010010
111000000
000000000
101000010
001010000
000000000
000000000
011000000
000000000
000000000
000000000
011010000
000000000
001010000
000000000
000000000
000000000
000000000
000010010
000000000
001010000
001000010
000000000
000000000
000000000
